0.283662
0.295295
0.301107
0.306917
0.312725
0.318532
0.324339
0.330144
0.33595
0.341756
0.347563
0.35337
0.359179
0.36499
0.370803
0.376618
0.382436
0.388256
0.394081
0.399909
0.405741
0.411578
0.417419
0.423266
0.429118
0.434976
0.44084
0.446712
0.45259
0.458476
0.464369
0.470271
0.476182
0.482101
0.48803
0.493968
0.499917
0.505876
0.511845
0.517825
0.523817
0.52982
0.535834
0.541861
0.5479
0.553952
0.560016
0.566093
0.572184
0.578288
0.584407
0.590539
0.596686
0.602847
0.609024
0.615216
0.621423
0.627647
0.633886
0.640142
0.646414
0.652704
0.65901
0.665334
0.671676
0.678036
0.684413
0.690809
0.697223
0.703656
0.710107
0.716578
0.723067
0.729575
0.736102
0.742649
0.749216
0.755801
0.762407
0.769033
0.775678
0.782343
0.789029
0.795735
0.802462
0.809209
0.815977
0.822766
0.829575
0.836406
0.843258
0.850131
0.857026
0.863941
0.870878
0.877836
0.884815
0.891816
0.898838
0.905881
0.912945